1 8.581e-05
2 9.1328e-05
3 0.0001011
4 0.000101288
5 0.00010695
6 0.000112892
7 0.000118476
8 0.000123499
9 0.000129234
10 0.000133238
20 0.000188311
30 0.000243609
40 0.000299538
50 0.000358554
60 0.000408979
70 0.000463027
80 0.000529052
90 0.00057224
100 0.000633554
200 0.00117981
300 0.00173041
400 0.00227776
500 0.00283091
600 0.00337381
700 0.0039281
800 0.00447627
900 0.00503027
1000 0.00557965
2000 0.011069
3000 0.016564
4000 0.0220504
5000 0.0275412
6000 0.0330351
7000 0.0385291
8000 0.0440161
9000 0.049505
10000 0.054998
20000 0.109906
30000 0.164814
40000 0.219729
50000 0.274631
60000 0.329548
70000 0.384462
80000 0.439362
90000 0.494283
100000 0.549154
200000 1.09819
300000 1.64731
400000 2.19637
500000 2.74548
600000 3.2945
700000 3.8436
800000 4.39257
900000 4.94169
1000000 5.49089
2000000 10.9815
3000000 16.4724
4000000 21.9632
5000000 27.4535
6000000 32.9446
7000000 38.4346
8000000 43.9263
9000000 49.4166
10000000 54.9071
20000000 109.814
30000000 164.722
40000000 219.633
50000000 274.531
60000000 329.438
70000000 384.382
80000000 439.241
90000000 494.159
100000000 549.06
