1 7.9082e-05
2 8.0134e-05
3 7.968e-05
4 7.9981e-05
5 7.9739e-05
6 8.0807e-05
7 7.9832e-05
8 7.9262e-05
9 8.0394e-05
10 7.9986e-05
20 8.138e-05
30 8.1712e-05
40 8.2051e-05
50 8.2573e-05
60 8.8825e-05
70 9.4715e-05
80 8.5127e-05
90 8.622e-05
100 9.9139e-05
200 9.7066e-05
300 9.8922e-05
400 0.000119158
500 0.000116264
600 0.000124118
700 0.000136433
800 0.000135887
900 0.0001424
1000 0.00015442
2000 0.000205597
3000 0.000268682
4000 0.000331175
5000 0.000393966
6000 0.000462089
7000 0.000519578
8000 0.000591566
9000 0.00065052
10000 0.000713366
20000 0.00134133
30000 0.00197388
40000 0.00260439
50000 0.00322937
60000 0.00386453
70000 0.00449312
80000 0.00511965
90000 0.00574415
100000 0.00637948
200000 0.0126658
300000 0.0189623
400000 0.0252499
500000 0.0315334
600000 0.0378232
700000 0.0441155
800000 0.050404
900000 0.0566958
1000000 0.0629818
2000000 0.125873
3000000 0.188759
4000000 0.251656
5000000 0.314554
6000000 0.377456
7000000 0.440333
8000000 0.503227
9000000 0.566101
10000000 0.629006
20000000 1.2579
30000000 1.88676
40000000 2.51565
50000000 3.14457
60000000 3.77347
70000000 4.40242
80000000 5.03125
90000000 5.66004
100000000 6.28909
