1 8.2132e-05
2 7.9648e-05
3 8.0655e-05
4 8.0727e-05
5 7.9574e-05
6 8.0949e-05
7 7.9817e-05
8 8.0481e-05
9 8.0855e-05
10 8.0391e-05
20 9.0141e-05
30 7.9974e-05
40 8.6573e-05
50 8.0201e-05
60 8.1017e-05
70 8.1825e-05
80 8.0405e-05
90 8.0595e-05
100 8.0881e-05
200 8.2451e-05
300 8.4417e-05
400 8.5463e-05
500 8.676e-05
600 8.8104e-05
700 8.9579e-05
800 9.0908e-05
900 9.2055e-05
1000 0.000105301
2000 0.000107397
3000 0.000121046
4000 0.000134463
5000 0.000149604
6000 0.000161697
7000 0.000177452
8000 0.000190891
9000 0.000205142
10000 0.000218255
20000 0.000361675
30000 0.00049926
40000 0.000645144
50000 0.000780906
60000 0.000909492
70000 0.00105244
80000 0.00119161
90000 0.00133564
100000 0.00147145
200000 0.00285741
300000 0.00424
400000 0.00562781
500000 0.00700995
600000 0.00840088
700000 0.00978755
800000 0.0111692
900000 0.0125547
1000000 0.0139444
2000000 0.0277931
3000000 0.0416312
4000000 0.0554829
5000000 0.0693256
6000000 0.0831688
7000000 0.0970187
8000000 0.110871
9000000 0.12471
10000000 0.13856
20000000 0.277032
30000000 0.415482
40000000 0.553962
50000000 0.692394
60000000 0.830839
70000000 0.969282
80000000 1.10776
90000000 1.24624
100000000 1.38467
