1 8.012e-05
2 8.6485e-05
3 8.2393e-05
4 8.1934e-05
5 8.2276e-05
6 8.4048e-05
7 8.3266e-05
8 8.4421e-05
9 8.4822e-05
10 8.5786e-05
20 9.0806e-05
30 9.6832e-05
40 0.000101958
50 0.000107318
60 0.000113514
70 0.000118518
80 0.000124346
90 0.000130064
100 0.000134914
200 0.000191101
300 0.000247333
400 0.000301829
500 0.000362124
600 0.000423755
700 0.000468343
800 0.000529307
900 0.000579612
1000 0.000641142
2000 0.00119524
3000 0.00175129
4000 0.00231608
5000 0.00286353
6000 0.00342692
7000 0.00398002
8000 0.00453332
9000 0.00509114
10000 0.00565026
20000 0.0112136
30000 0.0167805
40000 0.0223434
50000 0.0279048
60000 0.0334701
70000 0.0390346
80000 0.0445974
90000 0.0501568
100000 0.0557225
200000 0.111358
300000 0.166971
400000 0.22261
500000 0.278237
600000 0.333859
700000 0.389484
800000 0.44511
900000 0.500751
1000000 0.556364
2000000 1.11267
3000000 1.66892
4000000 2.22522
5000000 2.78152
6000000 3.33778
7000000 3.894
8000000 4.45015
9000000 5.00637
10000000 5.56266
20000000 11.1257
30000000 16.6883
40000000 22.2512
50000000 27.8139
60000000 33.3772
70000000 38.939
80000000 44.5007
90000000 50.064
100000000 55.628
